2075 0.421875 0.416667 0.421875 0.425 0.417188 0.433333 0.415625 0.433333 0.414062 0.436111 0.40625 0.436111 0.404687 0.438889 0.4 0.438889 0.398438 0.436111 0.39375 0.436111 0.392188 0.433333 0.371875 0.433333 0.371875 0.480556 0.378125 0.480556 0.384375 0.491667 0.384375 0.494444 0.389062 0.502778 0.389062 0.505556 0.392188 0.511111 0.392188 0.516667 0.39375 0.519444 0.39375 0.522222 0.395312 0.525 0.395312 0.527778 0.396875 0.530556 0.396875 0.533333 0.398438 0.536111 0.398438 0.538889 0.4 0.541667 0.4 0.544444 0.404687 0.552778 0.404687 0.555556 0.414062 0.572222 0.415625 0.572222 0.417188 0.575 0.41875 0.575 0.423438 0.583333 0.423438 0.591667 0.446875 0.591667 0.446875 0.583333 0.454688 0.569444 0.454688 0.566667 0.459375 0.558333 0.459375 0.552778 0.460938 0.55 0.460938 0.533333 0.4625 0.530556 0.4625 0.525 0.464063 0.522222 0.470313 0.522222 0.470313 0.494444 0.465625 0.494444 0.4625 0.488889 0.4625 0.486111 0.460938 0.483333 0.460938 0.45 0.459375 0.447222 0.459375 0.438889 0.45625 0.433333 0.45625 0.430556 0.454688 0.427778 0.454688 0.416667
251 0.421875 0.416667 0.421875 0.425 0.417188 0.433333 0.414062 0.433333 0.4125 0.436111 0.404687 0.436111 0.403125 0.438889 0.401563 0.438889 0.4 0.436111 0.395312 0.436111 0.39375 0.433333 0.371875 0.433333 0.371875 0.480556 0.378125 0.480556 0.379687 0.483333 0.379687 0.486111 0.389062 0.502778 0.389062 0.505556 0.392188 0.511111 0.392188 0.516667 0.39375 0.519444 0.39375 0.522222 0.395312 0.525 0.395312 0.527778 0.396875 0.530556 0.396875 0.533333 0.398438 0.536111 0.398438 0.538889 0.4 0.541667 0.4 0.544444 0.404687 0.552778 0.404687 0.555556 0.414062 0.572222 0.415625 0.572222 0.417188 0.575 0.41875 0.575 0.423438 0.583333 0.423438 0.591667 0.446875 0.591667 0.446875 0.583333 0.454688 0.569444 0.454688 0.566667 0.459375 0.558333 0.459375 0.552778 0.460938 0.55 0.460938 0.536111 0.4625 0.533333 0.4625 0.527778 0.465625 0.522222 0.470313 0.522222 0.470313 0.494444 0.465625 0.494444 0.4625 0.488889 0.4625 0.483333 0.460938 0.480556 0.460938 0.447222 0.459375 0.444444 0.459375 0.438889 0.45625 0.433333 0.45625 0.430556 0.454688 0.427778 0.454688 0.416667
893 0.421875 0.416667 0.421875 0.425 0.417188 0.433333 0.415625 0.433333 0.414062 0.436111 0.40625 0.436111 0.404687 0.438889 0.4 0.438889 0.398438 0.436111 0.39375 0.436111 0.392188 0.433333 0.371875 0.433333 0.371875 0.480556 0.378125 0.480556 0.384375 0.491667 0.384375 0.494444 0.389062 0.502778 0.389062 0.505556 0.392188 0.511111 0.392188 0.513889 0.39375 0.516667 0.39375 0.522222 0.395312 0.525 0.395312 0.527778 0.396875 0.530556 0.396875 0.533333 0.398438 0.536111 0.398438 0.538889 0.4 0.541667 0.4 0.544444 0.40625 0.555556 0.40625 0.558333 0.414062 0.572222 0.415625 0.572222 0.417188 0.575 0.41875 0.575 0.423438 0.583333 0.423438 0.591667 0.446875 0.591667 0.446875 0.583333 0.454688 0.569444 0.454688 0.566667 0.459375 0.558333 0.459375 0.552778 0.460938 0.55 0.460938 0.533333 0.4625 0.530556 0.4625 0.525 0.465625 0.519444 0.470313 0.519444 0.470313 0.494444 0.465625 0.494444 0.4625 0.488889 0.4625 0.486111 0.460938 0.483333 0.460938 0.45 0.459375 0.447222 0.459375 0.438889 0.45625 0.433333 0.45625 0.430556 0.454688 0.427778 0.454688 0.416667
4256 0.421875 0.416667 0.421875 0.425 0.417188 0.433333 0.414062 0.433333 0.4125 0.436111 0.404687 0.436111 0.403125 0.438889 0.401563 0.438889 0.4 0.436111 0.395312 0.436111 0.39375 0.433333 0.371875 0.433333 0.371875 0.480556 0.378125 0.480556 0.379687 0.483333 0.379687 0.486111 0.389062 0.502778 0.389062 0.505556 0.392188 0.511111 0.392188 0.516667 0.39375 0.519444 0.39375 0.522222 0.395312 0.525 0.395312 0.527778 0.396875 0.530556 0.396875 0.533333 0.398438 0.536111 0.398438 0.538889 0.4 0.541667 0.4 0.544444 0.404687 0.552778 0.404687 0.555556 0.414062 0.572222 0.415625 0.572222 0.417188 0.575 0.41875 0.575 0.423438 0.583333 0.423438 0.591667 0.446875 0.591667 0.446875 0.583333 0.454688 0.569444 0.454688 0.566667 0.459375 0.558333 0.459375 0.552778 0.460938 0.55 0.460938 0.536111 0.4625 0.533333 0.4625 0.527778 0.465625 0.522222 0.470313 0.522222 0.470313 0.494444 0.465625 0.494444 0.4625 0.488889 0.4625 0.483333 0.460938 0.480556 0.460938 0.447222 0.459375 0.444444 0.459375 0.438889 0.45625 0.433333 0.45625 0.430556 0.454688 0.427778 0.454688 0.416667
1692 0 0 0 0.991667 0.998438 0.991667 0.998438 0
2037 0 0 0 0.991667 0.998438 0.991667 0.998438 0
2036 0 0 0 1 0.998438 1 0.998438 0
976 0 0 0 1 0.998438 1 0.998438 0
4008 0 0 0 1 0.998438 1 0.998438 0
3501 0 0 0 1 0.998438 1 0.998438 0
