893 0.321875 0.461111 0.321875 0.472222 0.320312 0.475 0.31875 0.475 0.31875 0.477778 0.315625 0.483333 0.315625 0.486111 0.3125 0.491667 0.3125 0.494444 0.310937 0.497222 0.310937 0.502778 0.309375 0.505556 0.303125 0.505556 0.303125 0.611111 0.33125 0.611111 0.334375 0.616667 0.334375 0.619444 0.335938 0.622222 0.335938 0.627778 0.3375 0.630556 0.3375 0.636111 0.339063 0.638889 0.339063 0.647222 0.354688 0.647222 0.354688 0.638889 0.357812 0.633333 0.359375 0.633333 0.360938 0.630556 0.367188 0.630556 0.36875 0.627778 0.370313 0.627778 0.373437 0.622222 0.373437 0.619444 0.378125 0.611111 0.382812 0.611111 0.382812 0.519444 0.378125 0.519444 0.376563 0.516667 0.376563 0.513889 0.375 0.511111 0.375 0.5 0.373437 0.497222 0.373437 0.488889 0.371875 0.486111 0.371875 0.477778 0.370313 0.475 0.370313 0.461111
3425 0.321875 0.461111 0.321875 0.469444 0.31875 0.475 0.31875 0.477778 0.314063 0.486111 0.314063 0.488889 0.3125 0.491667 0.3125 0.494444 0.310937 0.497222 0.310937 0.5 0.307813 0.505556 0.303125 0.505556 0.303125 0.611111 0.33125 0.611111 0.334375 0.616667 0.334375 0.619444 0.335938 0.622222 0.335938 0.627778 0.3375 0.630556 0.3375 0.636111 0.339063 0.638889 0.339063 0.647222 0.354688 0.647222 0.354688 0.638889 0.357812 0.633333 0.359375 0.633333 0.360938 0.630556 0.367188 0.630556 0.36875 0.627778 0.370313 0.627778 0.373437 0.622222 0.373437 0.619444 0.378125 0.611111 0.382812 0.611111 0.382812 0.516667 0.378125 0.516667 0.376563 0.513889 0.376563 0.511111 0.375 0.508333 0.375 0.5 0.373437 0.497222 0.373437 0.486111 0.371875 0.483333 0.371875 0.477778 0.370313 0.475 0.370313 0.461111
1056 0 0 0 1 0.625 1 0.625 0.988889 0.626562 0.986111 0.626562 0.905556 0.628125 0.902778 0.632812 0.902778 0.632812 0
2818 0.621875 0 0.621875 1 0.998438 1 0.998438 0
1930 0 0 0 1 0.625 1 0.625 0.988889 0.626562 0.986111 0.626562 0.908333 0.628125 0.905556 0.632812 0.905556 0.632812 0
1263 0.621875 0 0.621875 1 0.998438 1 0.998438 0
330 0.003125 0 0.003125 1 0.620313 1 0.620313 0.994444 0.623438 0.988889 0.628125 0.988889 0.629687 0.991667 0.629687 1 0.998438 1 0.998438 0
3377 0 0 0 1 0.621875 1 0.621875 0.994444 0.623438 0.991667 0.625 0.991667 0.626562 0.988889 0.629687 0.994444 0.629687 1 0.998438 1 0.998438 0
4536 0.621875 0 0.621875 1 0.998438 1 0.998438 0
2338 0.340625 0.505556 0.340625 0.547222 0.357812 0.547222 0.357812 0.505556
