10 0.46796850000000006 0.2652775 0.1421870000000001 0.208333
3 0.23046899999999998 0.251389 0.16718799999999998 0.502778
7 0.38046850000000004 0.6208335 0.204687 0.341667
0 0.6273440000000001 0.7805555000000001 0.29843800000000004 0.4388889999999999
2 0.7554684999999999 0.4541665 0.21718699999999996 0.23055499999999998
19 0.117969 0.8319445 0.05468800000000001 0.09722300000000014
18 0.1617185 0.865278 0.14218699999999998 0.23055599999999993
17 0.7554684999999999 0.4541665 0.21718699999999996 0.23055499999999998
15 0.1617185 0.8708335 0.14218699999999998 0.241667
13 0.7554684999999999 0.4541665 0.21718699999999996 0.23055499999999998
19 0.1835935 0.04583335 0.06093699999999999 0.0916667
4 0.1835935 0.04583335 0.06093699999999999 0.0916667
5 0.1617185 0.8708335 0.14218699999999998 0.241667
10 0.6023440000000001 0.7930555 0.07343800000000004 0.108333